20.533334322774,20.533334322774,59.533334322774,2,0
83.5248054058981,83.5248054058981,326.524805405898,2,0
140.312074631737,140.312074631737,210.312074631737,2,0
205.559902905087,205.559902905087,377.559902905087,3,0
232.320233199016,232.320233199016,302.320233199016,4,0
453.864381880261,453.864381880261,625.864381880261,2,0
579.669013910843,579.669013910843,618.669013910843,2,0
682.570532411518,682.570532411518,878.570532411518,2,0
890.278034601886,890.278034601886,960.278034601886,2,0
919.780804830844,919.780804830844,958.780804830844,3,0
1053.18497090592,1053.18497090592,1092.18497090592,4,0
1188.43010469887,1188.43010469887,1483.43010469887,2,0
1252.45329535675,1252.45329535675,1322.45329535675,2,0
1285.34047278401,1285.34047278401,1580.34047278401,3,0
1327.78309779104,1327.78309779104,1622.78309779104,3,0
1382.28426663054,1382.28426663054,1625.28426663054,2,0
1402.00144057493,1402.00144057493,1645.00144057493,2,0
1497.26277403095,1497.26277403095,1669.26277403095,3,0
1762.84089306573,1762.84089306573,2057.84089306573,3,0
