4.93146801578658,4.93146801578658,348.931468015787,4,0
27.9870184146541,27.9870184146541,305.987018414654,4,0
30.8702872060817,30.8702872060817,228.870287206082,4,0
34.4658692214798,34.4658692214798,378.46586922148,4,0
51.8362763950649,51.8362763950649,190.836276395065,4,0
150.364927692072,150.364927692072,428.364927692072,4,0
164.963424491606,164.963424491606,362.963424491606,4,0
233.048212868095,233.048212868095,548.048212868095,4,0
337.108628373568,337.108628373568,535.108628373568,4,0
504.275178296619,504.275178296619,702.275178296619,4,0
551.334589951115,551.334589951115,749.334589951115,4,0
602.592889903683,602.592889903683,669.592889903683,4,0
605.97402412864,605.97402412864,744.97402412864,4,0
636.003353029099,636.003353029099,951.003353029099,4,0
836.402302441841,836.402302441841,1114.40230244184,4,0
881.192635598121,881.192635598121,948.192635598121,4,0
923.320671200615,923.320671200615,1267.32067120062,4,0
931.378543964643,931.378543964643,1275.37854396464,4,0
954.025875756549,954.025875756549,1298.02587575655,4,0
967.167000872951,967.167000872951,1311.16700087295,4,0
1048.34650463598,1048.34650463598,1326.34650463598,4,0
1079.85916986792,1079.85916986792,1146.85916986792,4,0
1085.31814429665,1085.31814429665,1429.31814429665,4,0
1086.88060391489,1086.88060391489,1430.88060391489,4,0
1115.1512767157,1115.1512767157,1459.1512767157,4,0
1117.27781132479,1117.27781132479,1315.27781132479,4,0
1154.78717195118,1154.78717195118,1432.78717195118,4,0
1207.96949904733,1207.96949904733,1346.96949904733,4,0
1243.47489450666,1243.47489450666,1521.47489450666,4,0
1516.31136926656,1516.31136926656,1860.31136926656,4,0
1524.13049074971,1524.13049074971,1663.13049074971,4,0
1550.30725989956,1550.30725989956,1617.30725989956,4,0
1564.4414424044,1564.4414424044,1762.4414424044,4,0
1594.59725001703,1594.59725001703,1909.59725001703,4,0
1597.86686324568,1597.86686324568,1736.86686324568,4,0
1601.93244381766,1601.93244381766,1740.93244381766,4,0
1657.66965551248,1657.66965551248,1972.66965551248,4,0
1693.73901802701,1693.73901802701,1760.73901802701,4,0
1787.00523245787,1787.00523245787,1926.00523245787,4,0
