49.3120411723713,49.3120411723713,364.312041172371,4,0
81.7434189037067,81.7434189037067,425.743418903707,4,0
92.9359010237643,92.9359010237643,436.935901023764,4,0
103.631392914765,103.631392914765,381.631392914765,4,0
112.146886354907,112.146886354907,251.146886354907,4,0
124.455905195513,124.455905195513,322.455905195513,4,0
126.391390803889,126.391390803889,470.391390803889,4,0
177.564861447238,177.564861447238,316.564861447238,4,0
213.274721482077,213.274721482077,528.274721482077,4,0
222.913687832907,222.913687832907,361.913687832907,4,0
246.525680700652,246.525680700652,313.525680700652,4,0
271.218795141367,271.218795141367,586.218795141367,4,0
304.94190181484,304.94190181484,443.94190181484,4,0
568.914158021874,568.914158021874,707.914158021874,4,0
610.935828788858,610.935828788858,749.935828788858,4,0
643.358273655071,643.358273655071,710.358273655071,4,0
