12.93146801578658,12.93146801578658,356.931468015787,4,0
14.93146801578658,14.93146801578658,358.931468015787,4,0
16.93146801578658,16.93146801578658,360.931468015787,4,0
18.93146801578658,18.93146801578658,362.931468015787,4,0
20.146886354907,20.146886354907,159.146886354907,4,0
25.146886354907,25.146886354907,92.146886354907,4,0
27.146886354907,27.146886354907,94.146886354907,4,0
140.364927692072,140.364927692072,418.364927692072,4,0
164.963424491606,164.963424491606,362.963424491606,4,0
304.94190181484,304.94190181484,443.94190181484,4,0
337.108628373568,337.108628373568,535.108628373568,4,0
504.275178296619,504.275178296619,702.275178296619,4,0
610.935828788858,610.935828788858,749.935828788858,4,0
643.358273655071,643.358273655071,710.358273655071,4,0
